24 12
212 1211 211 100 0 212 1211 211 10 10 10 10 10 10 10 10 10 10 10 10 10 10 10 10 
1210 200 1210 100 0 1210 10 1210 10 10 10 10 10 10 10 10 10 10 10 10 10 10 10 10 
312 1211 210 0 0 1210 10 1210 10 10 10 10 10 10 10 10 10 10 10 10 10 10 10 10 
1210 100 100 0 0 1210 10 1210 10 10 10 10 10 10 10 10 10 10 10 10 10 10 10 10 
1210 0 0 212 1211 210 10 1210 10 10 10 10 10 10 10 10 10 10 10 10 10 10 10 10 
1210 0 0 1210 10 10 10 1210 10 10 10 10 10 10 10 10 10 10 10 10 10 10 10 10 
1210 0 0 1210 10 10 10 1210 10 10 10 10 10 10 10 10 10 10 10 10 10 10 10 10 
1210 100 100 1210 10 10 10 1210 10 10 10 10 10 10 10 10 10 10 10 10 10 10 10 10 
1210 0 0 1210 10 10 10 213 10 10 10 10 10 10 10 10 10 10 10 10 10 10 10 10 
1210 0 0 1210 10 10 10 10 10 10 10 10 10 10 10 10 10 10 10 10 10 10 10 10 
1210 0 0 1210 10 10 10 10 10 10 10 10 10 10 10 10 10 10 10 10 10 10 10 10 
213 1211 1211 210 10 10 10 10 10 10 10 10 10 10 10 10 10 10 10 10 10 10 10 10 
