35 18
10 10 10 10 10 10 10 10 10 10 10 10 10 10 10 10 10 10 10 10 10 10 10 10 10 10 10 10 10 10 10 10 10 10 10 
10 0 112 0 0 112 0 112 0 100 112 100 0 212 1211 1211 1211 1211 1211 1211 1211 1211 1211 1211 311 1211 1211 311 1211 1211 311 1211 311 111 10 
10 0 1210 100 0 1210 300 1210 0 0 1210 100 0 1210 0 0 0 100 0 0 0 0 0 0 1210 0 0 1210 100 100 1210 0 1210 0 10 
10 0 1210 0 0 1210 100 1210 0 0 1210 100 0 1210 100 100 0 0 0 100 100 0 0 0 1210 0 0 1210 0 0 1210 0 1210 0 10 
10 0 312 1211 1211 410 1211 410 1211 1211 410 1211 1211 410 1211 1211 1211 1211 1211 1211 1211 1211 311 1211 210 0 100 1210 0 0 1210 0 1210 0 10 
10 0 1210 0 100 1210 200 1210 100 0 1210 0 0 1210 0 100 0 0 100 0 100 0 1210 0 0 0 0 1210 100 100 1210 0 1210 0 10 
10 0 312 1211 1211 410 1211 410 1211 1211 410 1211 1211 410 1211 1211 311 1211 1211 1211 1211 1211 410 1211 1211 1211 1211 410 1211 1211 313 1211 310 0 10 
10 0 1210 100 0 1210 100 1210 0 0 1210 100 100 1210 0 100 1210 0 0 0 0 0 1210 0 0 100 100 1210 0 0 0 100 1210 0 10 
10 0 1210 0 0 213 311 210 0 100 1210 100 0 1210 0 100 213 1211 1211 211 0 0 1210 0 0 100 0 312 1211 1211 1211 1211 310 0 10 
10 0 213 211 0 0 1210 0 0 212 210 100 100 1210 0 0 0 0 0 1210 0 100 312 1211 1211 311 1211 210 0 0 100 0 1210 0 10 
10 0 100 1210 0 0 1210 100 0 1210 100 0 212 313 1211 211 0 100 0 1210 0 0 1210 0 0 1210 0 0 0 0 0 0 1210 0 10 
10 0 100 1210 100 0 1210 0 0 1210 100 0 1210 0 0 213 211 0 100 1210 100 0 1210 0 0 1210 0 0 212 1211 311 1211 310 0 10 
10 0 0 213 1211 1211 313 1211 1211 410 100 212 210 0 100 0 1210 0 0 1210 0 0 1210 0 0 1210 0 100 1210 0 1210 100 1210 0 10 
10 0 100 0 100 0 100 0 0 1210 0 1210 100 0 212 1211 313 1211 1211 313 1211 1211 210 0 0 1210 0 100 1210 0 1210 0 1210 0 10 
10 0 100 100 112 0 100 112 0 1210 0 1210 100 0 1210 0 100 0 0 100 100 0 100 0 100 1210 0 0 1210 0 1210 0 1210 0 10 
10 0 100 100 1210 0 0 1210 100 1210 0 1210 0 100 1210 0 0 100 0 0 0 0 0 0 212 313 1211 1211 313 1211 313 1211 310 0 10 
10 113 1211 1211 313 1211 1211 313 1211 313 1211 210 0 0 213 1211 1211 1211 1211 1211 1211 1211 1211 1211 210 0 0 0 0 0 0 0 110 0 10 
10 10 10 10 10 10 10 10 10 10 10 10 10 10 10 10 10 10 10 10 10 10 10 10 10 10 10 10 10 10 10 10 10 10 10