25 25
2021 1121 0131 1121 1121 0131 1121 0131 1121 1121 0131 1121 0131 1121 1121 0131 1121 0131 1121 1121 0131 1121 0131 1121 1021
0121 0020 0121 0010 0010 0121 0000 0121 0000 0000 0121 0010 0121 0000 0000 0121 0000 0121 0000 0010 0121 0000 0121 0000 0121
0231 1121 0041 1121 1121 0041 1121 0041 1121 1121 0041 1121 0041 1121 1121 0041 1121 0041 1121 1121 0041 1121 0041 1121 0031
0121 0000 0121 0000 0000 0121 0010 0121 0000 0000 0121 0000 0121 0010 0000 0121 0010 0121 0000 0010 0121 0000 0121 0000 0121
0121 0000 0121 0010 0010 0121 0000 0121 0000 0000 0121 0010 0121 0000 0000 0121 0010 0121 0000 0000 0121 0000 0121 0000 0121
0231 1121 0041 1121 1121 0041 1121 0041 1121 1121 0041 1121 0041 1121 1121 0041 1121 0041 1121 1121 0041 1121 0041 1121 0031
0121 0010 0121 0000 0000 0121 0010 0121 0000 0010 0121 0000 0121 0010 0000 0121 0000 0121 0000 0010 0121 0000 0121 0000 0121
0231 1121 0041 1121 1121 0041 1121 0041 1121 1121 0041 1121 0041 1121 1121 0041 1121 0041 1121 1121 0041 1121 0041 1121 0031
0121 0010 0121 0000 0000 0121 0010 0121 0000 0000 0121 0010 0121 0000 0000 0121 0000 0121 0010 0000 0121 0010 0121 0000 0121
0121 0000 0121 0010 0000 0121 0000 0121 0000 0000 0121 0010 0121 0000 0010 0121 0000 0121 0010 0000 0121 0010 0121 0010 0121
0231 1121 0041 1121 1121 0041 1121 0041 1121 1121 0041 1121 0041 1121 1121 0041 1121 0041 1121 1121 0041 1121 0041 1121 0031
0121 0000 0121 0000 0000 0121 0010 0121 0010 0000 0121 0010 0121 0010 0010 0121 0000 0121 0000 0000 0121 0010 0121 0010 0121
0231 1121 0041 1121 1121 0041 1121 0041 1121 1121 0041 1121 0041 1121 1121 0041 1121 0041 1121 1121 0041 1121 0041 1121 0031
0121 0000 0121 0000 0000 0121 0010 0121 0010 0000 0121 0000 0121 0000 0010 0121 0010 0121 0000 0010 0121 0000 0121 0010 0121
0121 0000 0121 0010 0000 0121 0010 0121 0000 0000 0121 0000 0121 0010 0000 0121 0010 0121 0000 0000 0121 0010 0121 0000 0121
0231 1121 0041 1121 1121 0041 1121 0041 1121 1121 0041 1121 0041 1121 1121 0041 1121 0041 1121 1121 0041 1121 0041 1121 0031
0121 0010 0121 0000 0010 0121 0000 0121 0000 0000 0121 0010 0121 0000 0010 0121 0000 0121 0000 0010 0121 0000 0121 0010 0121
0231 1121 0041 1121 1121 0041 1121 0041 1121 1121 0041 1121 0041 1121 1121 0041 1121 0041 1121 1121 0041 1121 0041 1121 0031
0121 0000 0121 0000 0000 0121 0010 0121 0000 0010 0121 0000 0121 0010 0000 0121 0000 0121 0010 0000 0121 0010 0121 0000 0121
0121 0010 0121 0010 0010 0121 0000 0121 0010 0000 0121 0010 0121 0000 0000 0121 0010 0121 0000 0010 0121 0000 0121 0010 0121
0231 1121 0041 1121 1121 0041 1121 0041 1121 1121 0041 1121 0041 1121 1121 0041 1121 0041 1121 1121 0041 1121 0041 1121 0031
0121 0000 0121 0010 0000 0121 0000 0121 0010 0000 0121 0010 0121 0000 0010 0121 0000 0121 0010 0000 0121 0010 0121 0000 0121
0231 1121 0041 1121 1121 0041 1121 0041 1121 1121 0041 1121 0041 1121 1121 0041 1121 0041 1121 1121 0041 1121 0041 1121 0031
0121 0000 0121 0000 0010 0121 0000 0121 0010 0000 0121 0000 0121 0000 0010 0121 0000 0121 0010 0000 0121 0010 0121 0010 0121
3021 1121 0331 1121 1121 0331 1121 0331 1121 1121 0331 1121 0331 1121 1121 0331 1121 0331 1121 1121 0331 1121 0331 1121 0021
