25 25
0000 0000 0001 0000 0001 0000 0000 0001 0000 0001 0000 0000 0001 0000 0001 0000 0000 0001 0000 0001 0000 0000 0001 0000 0001 
0000 0000 0001 0000 0001 0000 0000 0001 0000 0001 0000 0000 0001 0000 0001 0000 0000 0001 0000 0001 0000 0000 0001 0000 0001 
1121 1121 0331 1121 0111 1121 1121 0331 1121 0111 1121 1121 0331 1121 0111 1121 1121 0331 1121 0111 1121 1121 0331 1121 0111 
0000 0000 0121 0000 0001 0000 0000 0121 0000 0001 0000 0000 0121 0000 0001 0000 0000 0121 0000 0001 0000 0000 0121 0000 0001 
0000 0000 0121 0000 0001 0000 0000 0121 0000 0001 0000 0000 0121 0000 0001 0000 0000 0121 0000 0001 0000 0000 0121 0000 0001 
0000 0000 0001 0000 0001 0000 0000 0001 0000 0001 0000 0000 0001 0000 0001 0000 0000 0001 0000 0001 0000 0000 0001 0000 0001 
0000 0000 0001 0000 0001 0000 0000 0001 0000 0001 0000 0000 0001 0000 0001 0000 0000 0001 0000 0001 0000 0000 0001 0000 0001 
1121 1121 0331 1121 0111 1121 1121 0331 1121 0111 1121 1121 0331 1121 0111 1121 1121 0331 1121 0111 1121 1121 0331 1121 0111 
0000 0000 0121 0000 0001 0000 0000 0121 0000 0001 0000 0000 0121 0000 0001 0000 0000 0121 0000 0001 0000 0000 0121 0000 0001 
0000 0000 0121 0000 0001 0000 0000 0121 0000 0001 0000 0000 0121 0000 0001 0000 0000 0121 0000 0001 0000 0000 0121 0000 0001 
0000 0000 0001 0000 0001 0000 0000 0001 0000 0001 0000 0000 0001 0000 0001 0000 0000 0001 0000 0001 0000 0000 0001 0000 0001 
0000 0000 0001 0000 0001 0000 0000 0001 0000 0001 0000 0000 0001 0000 0001 0000 0000 0001 0000 0001 0000 0000 0001 0000 0001 
1121 1121 0331 1121 0111 1121 1121 0331 1121 0111 1121 1121 0331 1121 0111 1121 1121 0331 1121 0111 1121 1121 0331 1121 0111 
0000 0000 0121 0000 0001 0000 0000 0121 0000 0001 0000 0000 0121 0000 0001 0000 0000 0121 0000 0001 0000 0000 0121 0000 0001 
0000 0000 0121 0000 0001 0000 0000 0121 0000 0001 0000 0000 0121 0000 0001 0000 0000 0121 0000 0001 0000 0000 0121 0000 0001 
0000 0000 0001 0000 0001 0000 0000 0001 0000 0001 0000 0000 0001 0000 0001 0000 0000 0001 0000 0001 0000 0000 0001 0000 0001 
0000 0000 0001 0000 0001 0000 0000 0001 0000 0001 0000 0000 0001 0000 0001 0000 0000 0001 0000 0001 0000 0000 0001 0000 0001 
1121 1121 0331 1121 0111 1121 1121 0331 1121 0111 1121 1121 0331 1121 0111 1121 1121 0331 1121 0111 1121 1121 0331 1121 0111 
0000 0000 0121 0000 0001 0000 0000 0121 0000 0001 0000 0000 0121 0000 0001 0000 0000 0121 0000 0001 0000 0000 0121 0000 0001 
0000 0000 0121 0000 0001 0000 0000 0121 0000 0001 0000 0000 0121 0000 0001 0000 0000 0121 0000 0001 0000 0000 0121 0000 0001 
0000 0000 0001 0000 0001 0000 0000 0001 0000 0001 0000 0000 0001 0000 0001 0000 0000 0001 0000 0001 0000 0000 0001 0000 0001 
0000 0000 0001 0000 0001 0000 0000 0001 0000 0001 0000 0000 0001 0000 0001 0000 0000 0001 0000 0001 0000 0000 0001 0000 0001 
1121 1121 0331 1121 0111 1121 1121 0331 1121 0111 1121 1121 0331 1121 0111 1121 1121 0331 1121 0111 1121 1121 0331 1121 0111 
0000 0000 0121 0000 0001 0000 0000 0121 0000 0001 0000 0000 0121 0000 0001 0000 0000 0121 0000 0001 0000 0000 0121 0000 0001 
0000 0000 0121 0000 0001 0000 0000 0121 0000 0001 0000 0000 0121 0000 0001 0000 0000 0121 0000 0001 0000 0000 0121 0000 0001 