12 28
0 0 0 100 100 0 101 212 1211 211 1 112 
212 1211 1211 1211 1211 211 3 1210 1 1210 3 1210 
1210 2 2 102 102 1210 1 1210 301 1210 101 1210 
1210 3 10 10 1 1210 3 1210 1 1210 103 1210 
1210 3 10 10 1 1210 1 312 1211 313 1211 310 
1210 3 10 10 1 110 3 1210 2 2 1 110 
1210 103 10 10 10 2 101 1210 103 0 0 2 
1210 0 0 0 100 10 101 1210 101 212 111 3 
312 1211 1211 1211 211 100 200 1210 103 1210 2 10 
1210 102 102 102 213 1211 311 210 1 1210 3 10 
1210 103 0 10 102 102 1210 103 1 1210 103 10 
1210 3 112 3 100 100 1210 212 1213 210 103 10 
213 1211 210 103 212 1211 410 313 211 100 0 0 
2 2 2 10 1210 101 1210 101 213 311 1211 211 
212 1211 211 3 1210 103 1210 103 10 1210 2 1210 
1210 3 1210 0 1210 10 1210 10 10 1210 3 1210 
1210 101 312 1211 210 10 1210 10 10 1210 1 1210 
1210 3 1212 2 10 10 1210 3 0 1210 3 1210 
1210 101 1212 0 0 100 1210 212 1211 210 1 1210 
1210 3 213 311 1211 1211 410 310 0 0 1 1210 
110 3 102 1210 10 101 1210 213 1211 211 0 1210 
2 10 10 213 211 10 1210 102 2 213 1211 310 
0 0 0 1 1210 0 1210 0 10 2 2 1210 
212 1211 1211 1211 410 1211 313 211 3 10 1 1210 
1210 2 2 2 1210 3 1 1210 3 0 1 1210 
1210 0 0 0 1210 3 1 1210 0 112 3 1210 
213 1211 1211 1211 210 3 1 213 1211 210 1 110 
10 10 10 10 10 10 10 10 10 10 10 10 
