22 18
212 1211 1211 211 0 0 0 112 100 212 1211 1211 1211 1211 1211 211 100 100 212 1211 1211 211 
1210 100 100 312 1211 1211 1211 310 100 1210 0 0 0 0 0 1210 0 0 1210 0 0 1210 
1210 100 0 1210 0 100 0 1210 0 213 1211 1211 211 0 0 1210 0 0 312 1211 1211 310 
1210 0 0 1210 0 0 0 1210 0 0 100 100 1210 100 212 313 211 100 1210 100 100 1210 
1210 100 212 313 1211 1211 1211 310 0 0 100 100 1210 100 1210 200 1210 100 1210 0 0 1210 
1210 100 1210 0 100 100 0 213 311 1211 1211 1211 313 1211 410 1211 410 1211 313 1211 1211 310 
1210 100 1210 0 100 100 0 0 1210 0 100 0 0 100 1210 100 1210 100 100 0 0 1210 
1210 0 213 1211 1211 1211 1211 1211 310 0 0 100 100 100 1210 100 1210 100 100 100 0 1210 
1210 0 0 0 0 100 100 100 213 1211 1211 1211 1211 1211 313 1211 313 1211 1211 1211 1211 310 
1210 100 0 0 0 0 0 0 0 0 100 100 100 100 100 0 0 0 0 100 100 1210 
312 1211 1211 1211 1211 1211 1211 211 0 0 212 1211 1211 1211 1211 1211 1211 1211 1211 1211 1211 310 
1210 100 100 100 100 100 100 312 1211 1211 210 100 100 100 100 0 0 0 0 0 300 1210 
1210 100 0 0 0 0 0 1210 0 0 0 0 0 0 0 0 212 1211 311 1211 1211 210 
1210 100 212 1211 1211 211 0 1210 100 100 100 212 1211 1211 1211 1211 310 100 1210 100 100 100 
1210 0 1210 0 0 213 1211 313 1211 1211 1211 210 0 0 100 100 1210 0 1210 0 0 0 
1210 0 1210 100 100 100 100 0 0 0 0 0 0 212 1211 1211 310 0 213 311 1211 211 
1210 0 213 1211 1211 1211 1211 1211 1211 1211 1211 1211 1211 310 0 0 1210 0 100 1210 100 1210 
110 100 100 0 0 0 0 0 0 0 100 100 100 213 1211 1211 313 1211 1211 313 1211 210 
