15 15
0 212 1211 311 1211 1211 311 1211 1211 1211 311 1211 1211 211 0 
0 1210 0 1210 0 0 1210 0 0 100 1210 100 100 1210 0 
0 1210 100 1210 0 0 312 1211 1211 1211 310 0 100 1210 0 
0 1210 0 1210 0 0 1210 0 0 0 1210 0 0 1210 0 
100 312 1211 313 1211 1211 313 1211 1211 1211 310 0 0 1210 100 
0 1210 0 0 0 0 100 100 100 0 1210 0 100 1210 100 
0 1210 0 0 212 1211 111 200 113 1211 210 0 100 1210 0 
0 1210 0 100 1210 100 100 100 100 100 0 0 100 1210 0 
0 1210 0 100 312 1211 1211 1211 311 1211 1211 1211 1211 313 211 
0 1210 0 100 1210 0 0 0 1210 100 100 0 0 0 1210 
0 1210 100 0 312 1211 1211 1211 410 1211 311 1211 1211 311 210 
0 1210 100 0 1210 0 0 0 1210 300 1210 0 100 1210 0 
0 1210 100 100 312 1211 1211 1211 410 1211 210 0 100 1210 0 
0 1210 100 100 1210 0 0 0 1210 0 0 0 100 1210 0 
100 213 1211 1211 313 1211 1211 1211 313 1211 1211 1211 1211 210 0 
